5.846489870354373277e-04
3.829086819369017505e-04
-1.664207465179695557e-03
-7.187013952064266959e-04
-1.221058400089725744e-04
2.496774279004915307e-03
9.435445331099550975e-04
-3.467906248920658591e-03
-4.441877059407228377e-04
-1.915143464402989097e-05
-3.081444652612794991e-03
-6.178502640364945744e-04
4.530496353828078991e-03
2.142178526049939077e-03
-1.721814636109855008e-03
-2.690990359012022785e-04
-1.632584562311020521e-03
1.095217852770684905e-03
1.541461232796963827e-03
-5.788320446292034805e-04
1.984739657467833769e-03
6.117938125213429209e-05
9.211535204458556501e-04
-4.416161687766417864e-04
-8.710367257431057483e-03
8.550739305103530186e-05
1.562251409996477051e-03
3.278143404123850992e-03
1.430601485383170383e-03
-7.849474134791927906e-06
3.012334526646773258e-03
4.321361838480908095e-03
-3.221396325302541808e-04
-9.129608650098691670e-04
3.922778242284998083e-04
4.391678706617530535e-03
-2.688679863497688959e-03
9.994786464493834316e-04
-5.124054057764121026e-04
3.284721025522752201e-04
-2.713688455724444959e-04
2.017171319342487298e-04
8.873654765820379250e-05
8.163576439477153316e-04
-1.032792455108963361e-03
1.287709333422352173e-03
1.427805232835052326e-03
9.135104440607304341e-04
-7.216964496315488682e-04
-4.861893251587495247e-04
-1.096989144300211574e-03
-1.567412619645277595e-03
1.282465077206524371e-03
3.428951488381621888e-04
-4.604331364188572366e-05
1.266710517439288784e-04
2.357132547587265092e-04
4.281393120858039921e-04
-9.517621634039496450e-04
1.366697990824555266e-03
4.812736544054518634e-04
-2.241298958969668072e-03
3.086608101488797743e-04
-2.864568291612642516e-03
1.116197056367354123e-03
-3.517038242911626252e-03
-2.751790954231911205e-04
1.772899827096187418e-03
2.572150952832242404e-03
7.668344320587338258e-04
2.724968627158142614e-03
1.489533400848738667e-03
-1.801837518395036242e-04
-2.950780495623138845e-04
4.651678645744760309e-04
1.670936965207476047e-03
-6.418469517998996992e-04
1.512347266225438436e-03
-7.313437492125605564e-04
-1.255899837170153504e-04
3.158003948019972792e-03
7.747206732603659782e-04
-6.703680599956185699e-04
-2.483930023774085644e-04
1.004515043739254284e-03
-5.698502281484661572e-04
-2.578650431038951533e-04
-2.863694890929775663e-03
-1.815855605743857426e-04
-1.000639003456192796e-03
3.775128757302156522e-04
-1.678716465614231435e-03
4.476614299089864274e-03
5.715099190122522503e-04
-1.585736999356538194e-03
-1.372457106522961779e-03
4.674042999134055652e-04
1.265149005171508755e-03
2.246088420350285375e-05
1.041609469603390443e-03
-1.027365522243316436e-03
-1.138584984973511601e-03
1.247325082391044157e-03
-5.074937033834985012e-03
1.654928972216424942e-03
-2.147904840896032452e-03
-5.662479656368482345e-04
1.144208894171452190e-02
1.071352440083626466e-03
-3.275574845531902153e-03
-1.464045637638355067e-03
7.242353584752976060e-03
-2.487130170265637683e-03
1.995279118714535520e-04
1.762536916111515518e-03
7.857342235285849196e-04
2.475851221494006996e-03
1.551578739236609064e-03
-5.452906225098985878e-04
-4.434517173640652871e-03
-2.415676301286553279e-03
9.788206147244725343e-04
2.459832467540532235e-03
-1.367290739178855883e-03
1.117462211132776509e-02
2.650867834147659259e-03
-9.349223536677334773e-04
-2.578951870163576510e-03
-2.076213422894440316e-03
-2.848442240533436735e-05
1.529175413953445545e-03
-1.455368568564560736e-03
1.363059905188094743e-04
7.320234404104592352e-04
-1.425238260093545772e-03
-3.126042247282564968e-03
9.112883935704637695e-04
