1.552205913582000493e-03
-1.694976339772767378e-03
-1.060772691655914764e-02
-1.874088163234492862e-04
6.199457226048537759e-04
2.711188805658733530e-03
6.371480253111988078e-05
-3.383159695082798343e-03
3.736721123599519323e-04
1.291186164038981340e-03
-1.888439218086210552e-03
-1.627056502674585322e-03
-5.180712612578589928e-03
2.315995649246344566e-03
-7.735297669957888348e-04
-4.630673471392578807e-04
-1.433141414611599366e-03
1.469807502598750436e-03
1.601505035581129435e-03
-5.184831334404886149e-04
2.192018767348492912e-03
-1.152313536167542409e-04
1.060806314206815155e-03
-3.044515510193823737e-04
-6.270491729550974752e-03
2.947326804970070747e-04
1.312959282071396883e-03
3.090074010196997706e-03
2.810069449219181059e-03
1.521673548780210041e-05
2.655321191468491219e-03
5.401609656730675842e-03
-6.516128229741628653e-04
-1.136286600580619765e-03
6.668311708619653090e-04
4.651990180129599549e-03
-3.263015618198673428e-03
8.905315103239344393e-04
-7.711427301215957207e-04
-2.845685169180699973e-04
-5.141591997931616509e-05
7.979735202832974545e-04
-1.796818300670622887e-04
7.090426237536650439e-04
-4.015352645067279459e-04
-3.974708095853013868e-04
1.929122372895350726e-05
-1.159909048185250912e-03
1.518308590443982449e-03
-1.510392047813020791e-04
1.111879279995620193e-04
2.358703256165153622e-04
-2.110649510606160250e-03
2.551592446293770265e-03
-6.868252696658040755e-04
1.132564109288595311e-04
1.183268163074765837e-03
2.049142508382441937e-03
-1.850780135933684884e-03
1.590438051815172603e-03
-9.579075389892458426e-04
5.695570989955114037e-03
-7.814417285164594129e-04
-2.768361094799891026e-03
8.736071072690225351e-04
-2.046292637552079175e-03
1.789276467557739938e-03
2.468627976336497474e-03
1.760425844910448604e-03
5.050132269315250151e-04
2.861590208232948906e-03
9.821155537259845369e-04
9.684391626028569355e-04
-5.441892398165932773e-04
4.066039347956271460e-05
9.757955947561345374e-04
-5.392672806081596050e-04
1.448860461131059284e-03
-1.154223192146820384e-03
-4.228562655628484500e-04
3.236050029811113945e-03
7.769544671395625483e-04
-7.798220437946467307e-04
2.716557927041150095e-04
1.153499918516561308e-03
-6.458305783971130974e-04
-4.908532331125988564e-04
-2.512377460566016414e-03
-4.314075014360877727e-04
-1.248856891978065639e-03
5.362846269070795698e-04
-1.724146794818221407e-03
3.993261544548697486e-03
4.310889696868859533e-04
-1.912026897032248875e-03
-8.564704532683436664e-04
-3.443268809787904572e-04
1.245058039096756056e-03
-5.033749512310589907e-04
8.116458511083982216e-04
1.072309666037463919e-03
-1.685031879937893412e-03
5.070755619371995239e-04
-7.971641180064811816e-03
-4.142552707291517538e-04
-5.281004765547012668e-03
-1.924469965161051607e-03
1.447649681487585445e-02
1.559293968331116253e-03
-4.134768463452352487e-03
-4.634513300442532984e-04
7.198266212476356861e-03
-3.424410226633852004e-03
-9.342728532109358650e-05
2.902745046998978038e-03
2.138066298436692503e-04
2.232421861645946925e-03
2.024071761682165373e-03
-4.413920222750321656e-04
-4.259595534605738719e-03
-1.866136649074451098e-03
1.311385059021879596e-03
2.023745509795251557e-03
-1.843437871339140667e-03
2.990750746974528591e-03
2.886878094182461583e-03
-1.172769127728937174e-03
-2.959528042180566663e-03
-1.864720863877702278e-03
2.270340893293468253e-04
2.078937875568161696e-03
-2.467919703046804643e-03
5.924804149756319202e-04
1.833056692698144296e-03
-1.095530480407456379e-03
-3.045886532743630713e-03
8.883807638174536512e-04
