1.414891876561632459e-03
-1.107246697091878677e-03
-1.180327269581785826e-02
-4.798969881061067571e-04
4.546364504311743628e-04
3.662392064051222217e-03
2.978797096854959967e-04
-2.911067547418203470e-03
3.558173697197033374e-04
2.098929362028272732e-04
-3.337510665074968318e-03
-1.046374786555064008e-03
3.671212416338270803e-03
2.635153717804060436e-03
-1.265161698041985866e-03
-1.083563973198497409e-04
-1.164392293725110628e-03
1.268394032789256281e-03
1.007398321148938449e-03
-1.477404222176701340e-06
2.255212333082552787e-03
-2.264097646506220158e-04
1.343980837760331637e-03
4.870592805740095823e-04
-5.700896777170579195e-03
1.586188653185566493e-03
1.018005017133607895e-03
3.316419196029016508e-03
1.746946225928164937e-03
-1.466306047167331975e-05
2.728280447739457951e-03
5.417486402330620211e-03
-6.313318442882229426e-04
-1.182618911072862416e-03
6.783406478344241675e-04
4.409755422861737391e-03
-2.571626341672446012e-03
8.913007250423010805e-04
-9.022761165553582798e-04
-3.093499717509512405e-04
-1.545963167169072392e-04
6.227932144034000481e-04
5.782042852041453709e-04
8.344565083481834478e-04
-2.259386891674619070e-03
-8.159536600389673960e-05
-7.070078262368138322e-04
7.913150825746797417e-04
-1.715784080975634221e-04
-9.330868517872905124e-04
-5.873759803081234207e-04
-1.228787398478861301e-03
6.562288949359809187e-04
-9.623438893504272307e-04
7.480604790732826078e-04
2.963639810352269128e-04
3.446953942042815279e-04
1.154089408217365146e-03
-2.333957795993440651e-03
1.777636432728257280e-03
-3.406793525813147120e-04
6.840000318974438602e-03
-5.467121130405242944e-04
-2.534972236226924660e-03
1.224658510870151300e-03
-2.238211299950703097e-03
1.748447774057503620e-03
1.482757089407907855e-03
2.119908397679193604e-03
6.179851186055605261e-04
2.582163162459542079e-03
1.209017327493436831e-03
1.808195432529753513e-04
-6.546596840715942188e-04
6.608365078271845328e-04
1.643327337019462667e-03
-5.195653260892216414e-04
1.594516796777022865e-03
1.589228379789773887e-03
1.188799716851644844e-04
3.116484407702588364e-03
1.098602820565343927e-03
7.097337141947271649e-04
-1.514723496166762290e-04
1.298322770554723735e-03
-5.111535569221062813e-04
3.719390292969069730e-04
-2.826969948278715890e-03
-5.910165980401804004e-04
-6.525795201498517124e-04
-6.067719143175837298e-06
-1.534538220636528800e-03
4.041042251152869233e-03
7.286640352856560855e-04
-1.135672798919409475e-03
-1.162385920082916477e-03
5.667040579815748507e-04
9.118883009377014293e-04
8.113699923256505143e-04
1.218293974443039780e-03
-1.517276309498645590e-03
-7.019498682006324779e-04
1.219084594902133901e-03
-6.395823566399307797e-03
1.226907808150427825e-03
-1.089556681176938628e-03
-3.108364335574582624e-03
1.291021464789102874e-02
1.819695948516460767e-03
-3.708182291239322560e-03
-1.153184640996317246e-03
7.775955580872918535e-03
-2.621666162881079645e-03
4.697959597819840972e-04
1.442690209985837257e-03
8.370760490473217255e-04
2.339520275906320241e-03
2.493837851415478535e-03
1.929390261929879002e-04
-4.629080916460403920e-03
-1.654043865076986397e-03
8.832548790255771373e-04
2.473453754356650085e-03
-1.485298655971510314e-03
8.038806599836575278e-03
2.820566825552605055e-03
-1.224722149247711115e-03
-2.905315701683858481e-03
-1.613305061774429530e-03
-4.134295403704658098e-04
1.947528436856669348e-03
-1.535623358611703983e-03
1.272421953077075519e-03
5.228722861582262016e-04
-1.033320713381827034e-03
-3.448604740974157111e-03
8.421709497044439340e-04
