1.408601346362344398e-03
-1.073077849597038527e-03
-1.058652658337712327e-02
-7.260231810229167198e-04
-1.308296202572370687e-04
3.248880503293609476e-03
1.453139693927576310e-04
-3.355211134422960047e-03
-2.101294602470449909e-04
5.656597494033206892e-04
-2.381149820450594121e-03
-1.149131842350965523e-03
4.396825355606986604e-03
1.779080041246654253e-03
-1.347732413472605686e-03
-4.262968110962324407e-04
-7.434687298213355855e-04
1.020106231660635994e-03
1.695599916609161510e-03
-9.506447101591626505e-04
2.894836420989889240e-03
-1.244753564797501546e-04
1.333752915907317335e-03
5.836034114135292506e-04
-6.978644090917416817e-03
1.864852004992385804e-03
7.402149348572456501e-04
1.681567117158965603e-03
1.414622324764567380e-03
-7.901757874344686255e-05
2.266585344304384696e-03
4.679208594417527158e-03
-7.567017622443440641e-04
-1.264356635668244288e-03
7.406578414246976381e-04
4.877260107289757389e-03
-2.928605444284533999e-03
1.009169168030779693e-03
-1.356543668251400598e-03
-5.002746530233191094e-04
7.573847693901868670e-05
5.597816784570875748e-04
1.056362729833000540e-05
6.711817243758050767e-04
-5.087935828455908069e-04
1.212663779123321253e-04
-7.340536660571388324e-04
-1.525245578614608860e-03
8.353196297889318913e-04
-8.316604351983528760e-05
5.029817879270022905e-04
6.511457505790297566e-05
-2.096661547647815215e-03
2.011055298358446763e-03
1.891730382690711473e-03
8.795698458743927408e-04
9.351678640924558856e-04
1.565291083569064767e-03
-1.622513038569717639e-03
1.485699231513590898e-03
-1.488593414221669846e-03
5.418232387390571267e-03
-7.460576086251965219e-04
-2.737885210464910055e-03
8.231277235938080222e-04
-2.610391190747021577e-03
9.348741979686968091e-04
1.528689882928612777e-03
1.753182174875528385e-03
2.860915948785658228e-04
3.142521723656739683e-03
2.253428556849388243e-03
-4.599606872500768689e-04
-2.357977300581681269e-04
6.234887570938941461e-04
1.607142038391553163e-03
-5.347418348528017260e-04
1.160968060824548159e-03
-6.862054073862750578e-04
1.308641018145827108e-04
3.301586093728152427e-03
9.194256237841571134e-04
-7.448024706184101567e-04
7.512537557201624588e-04
1.320403786267584185e-03
-1.704204905775527135e-04
-3.312310276216854027e-04
-2.920940741905682196e-03
-3.814793996624538997e-04
-1.142789950872527592e-03
4.305114757183462924e-04
-1.494126919328765376e-03
4.421914615868253844e-03
6.097331253610181138e-04
-1.840214403367915847e-03
-1.493419030446732545e-03
-6.039617032016711141e-05
1.309524922216810574e-03
9.643176047169540457e-04
1.453728840202510482e-03
-1.346010472471849536e-03
-4.281082397118462536e-04
1.470851462729123697e-03
-6.272722234685048845e-03
7.873943673731885820e-04
-2.693486633040627441e-03
-1.056913158982604461e-03
1.276308229734042510e-02
1.432393138141753799e-03
-3.859949937895958919e-03
-6.809633695608704367e-04
7.417039717379818146e-03
-2.844305524824447019e-03
4.183233297560991215e-04
1.253356534199675121e-03
1.720045201992702420e-03
1.962307752225479329e-03
1.137020430857669292e-03
-9.094534224413204854e-04
-3.290676774955787667e-03
-2.937419576796881340e-04
1.244223899784592351e-03
2.852695262611827827e-03
-1.923960283385254015e-03
1.989750545126942050e-03
-1.445137380097564464e-04
-1.491849508296258769e-03
-3.416468736411153173e-03
-2.336732179808524192e-03
7.648350109071602168e-04
1.326170055457731502e-03
-1.002066354868260669e-03
1.315897293600437265e-03
9.169985944633774269e-04
-3.597595311436365285e-04
-3.653765184794849352e-03
8.121975893973194327e-04
2.277821743875216819e-03
2.440381435132817512e-03
6.056731062954042680e-04
1.349570734049207943e-03
1.561596609384904247e-03
1.400167976010717897e-03
-5.523864498061351568e-03
-4.506173135911406731e-03
-3.712744692429809264e-03
4.037198285032137087e-04
-1.182611819903309170e-03
1.434141033786449655e-03
1.641182099559664476e-03
-2.605754469332995267e-03
-2.562821360181665592e-03
2.679552083675939634e-04
7.302672081470008760e-04
2.143357844634748784e-04
5.777505108191426575e-04
6.981832040910837750e-04
-1.146780732677081597e-04
1.576929983367003033e-04
1.143629914567402235e-03
-4.000669286013611441e-04
-1.745378952544117705e-03
-1.475309606611596193e-03
-4.778949037210250723e-04
3.365862300228751429e-03
-1.234265475768249411e-04
-1.470569436431222671e-03
-8.962091258609852871e-04
-6.764627025951791550e-04
1.114629119878541783e-03
2.254223986809442831e-03
-9.132717712637183688e-04
-1.751786276376598170e-04
1.975919285562859843e-03
2.312174655776819306e-03
1.628049234830681712e-03
3.523457207848074060e-03
8.033116722708843810e-04
-3.591206921769127280e-04
-1.253186451718724592e-03
7.688612742064634400e-04
-1.908149176359627737e-04
2.322300794918536609e-03
-1.301369460766729812e-03
-8.011600671702189382e-05
1.196487546020170902e-03
-1.184073729451901556e-03
1.489057053675030577e-03
-2.387158780048148372e-03
-4.720244472874128919e-03
4.234157027217814485e-03
3.178721742139923971e-03
-2.548302347265734083e-04
-8.365066527045725633e-04
-5.260659298479387902e-03
-1.626446776491705061e-03
6.375665961015301170e-04
1.277870850601615363e-03
-1.879161303998097814e-03
-1.429228020233168058e-03
-1.136356981892058804e-03
1.364180637314457061e-03
3.610118567186992953e-03
1.555670554314646584e-03
-1.249721613654270922e-03
-9.864128803021275128e-05
-2.946039047689182153e-03
-3.680500411036778359e-04
9.871150493845240285e-04
-3.159004922003510844e-03
1.076061459719285110e-03
-4.812351731553079050e-04
-1.625535256707561242e-03
1.631274499171164304e-03
-8.535038031760753749e-04
-1.094125446362338846e-03
2.951356350384967166e-03
-2.100840679265718845e-03
3.141074384073772128e-03
-1.848933998752756366e-03
6.671434774610675690e-04
-5.058547661442623156e-04
-3.770688782476115056e-04
1.947707913071016926e-03
2.350911018449777096e-03
9.950157389433697368e-04
2.672322198579661482e-04
-1.419202927955993780e-03
-1.714849646275666941e-03
1.810789823302515200e-02
1.252606228984455387e-03
3.326867725228043046e-04
-1.728646203453160918e-03
4.047951134002576658e-04
-1.947295252122834257e-03
8.446853973524414989e-04
1.318153350393766812e-03
-2.258877104865513255e-03
-1.499801467104749236e-03
7.467027935140999354e-04
1.268132510564124339e-03
6.436639886355206104e-04
6.567972245187131712e-04
4.476884071678739752e-04
-2.135511463931038210e-03
1.647997978439302456e-03
2.323138291162206957e-03
3.083819494919165342e-03
5.346526202891803067e-04
-2.108779084959918628e-04
-1.153846021172982243e-03
-3.890985352773720408e-03
-9.262442421558305750e-05
5.739200382013831449e-04
4.159831065003744693e-04
1.205595524387311629e-03
-1.456076709129367622e-05
1.350412427780076606e-03
-1.133797476125456959e-03
-6.430515481897285893e-04
-2.158756224503161677e-03
-1.316241214372293467e-03
-1.267836105896183799e-03
7.545494301099658907e-03
-5.345431683077688260e-04
-2.402717861413858607e-03
5.602513568714538291e-04
1.375240926235992431e-03
2.423682544870008298e-04
-4.164588963243203508e-04
2.304894194723396302e-04
2.003280232427078963e-03
-2.678990005290916268e-04
5.965104910825014522e-04
1.745433517698020531e-03
1.358025044451616333e-03
-1.032588648438781051e-03
-3.042554443003793853e-04
4.172748666994359370e-04
5.649180291005487744e-06
-4.977132767070064148e-03
-8.151529595122273533e-04
2.259345343764402150e-04
-2.903659619040254661e-03
5.182451593220372890e-05
-2.392036012184532300e-04
-3.101618787451492464e-03
-5.808279371894260138e-04
-1.128579197612204592e-03
9.240286952677588626e-04
6.611805753601848572e-03
-2.839935220394975736e-03
-4.352608343891935759e-03
-2.956183958416128826e-03
-2.424883107535576870e-03
-3.510178989920583088e-03
3.143125415618267101e-04
-8.440322918173012116e-04
9.308748006208863654e-04
2.429977980500932881e-03
-2.835594594304615811e-03
-9.515475468338635903e-03
1.785517073346225931e-03
4.380468899286662707e-03
-2.521847384187444682e-04
-5.376761486027703194e-03
-6.823185681805895002e-04
-1.063015868893030279e-03
3.333678354822826361e-04
-1.028576350131002546e-03
-9.239012472811683908e-04
6.118761810514573764e-04
-3.650660882944833149e-03
-5.206671060885670159e-03
2.068001240400403769e-04
-2.583614007023034634e-03
9.659701847098219399e-03
-1.289204440278894463e-03
4.460464859071934171e-03
1.180408699055783724e-02
4.275660528643806385e-03
9.057426747047772533e-04
-1.310879758342573887e-03
-3.178804214197257071e-04
3.360398163940828912e-03
-1.485331529986166172e-03
-1.875515955730296894e-03
-2.799952659406336150e-04
9.341439280841992449e-04
-2.354279279941689108e-03
-2.864252806793831686e-03
-1.175723328952702797e-03
-6.301886441816473197e-04
1.206446575497392053e-03
1.935989627484264574e-03
2.619472241823901041e-03
1.244196181775594507e-03
1.461030013532637565e-03
6.188602577685990702e-03
-1.491822910589816076e-03
6.509159313616776250e-03
7.042947529762337219e-03
9.818268458659975943e-05
1.301499588892653190e-03
2.982405147495519309e-03
4.360215808132008979e-03
-4.620203213128983022e-03
5.376706608170345007e-03
1.036083490126153347e-03
2.222348624219326694e-03
1.192270790594373870e-03
-2.248720431609222813e-03
7.576909698256526111e-03
-1.316127988723244930e-04
3.234183355207099261e-03
7.698658314398318077e-04
1.622094838440564513e-03
-1.120762233573426849e-03
-4.353586331083215098e-03
-9.375185463810478594e-04
6.614939084619246741e-03
5.272041215262123978e-03
-7.464584158359295965e-03
-3.303070225251495372e-03
4.356787641931971107e-03
8.857846459619678637e-04
-4.900862202070685458e-04
-7.226417712582831453e-04
-2.008143785678069906e-03
-1.144679111693011836e-03
2.395219759787137366e-03
6.629437697261060698e-03
8.467714005527350596e-03
1.095274600218368744e-03
1.185775846795150690e-02
-3.105291674535252348e-03
3.482943944876271906e-03
-5.281256187637738912e-04
-5.578528902618732493e-03
3.257651515966914022e-03
-2.610845521487172548e-03
8.130228489984789916e-04
9.721984760061638114e-05
4.754866160499883194e-04
3.799976338817372210e-03
-2.030713258155491738e-03
1.093616706737731000e-03
-1.646104510264705719e-03
-2.238788822850597358e-03
1.638814956212719621e-03
2.865140377094443306e-03
3.976658907199820576e-03
1.904388724143251136e-03
3.030419571847977733e-03
-2.626879051175006873e-03
1.711835270261627406e-03
-5.899613505752029398e-03
1.053690313524852486e-03
-1.005073989534064054e-03
4.171975248705822831e-04
3.294865744719108983e-03
-1.667945702554111563e-03
1.024491569061845863e-04
6.875998278210589901e-04
5.008250262958122839e-03
-4.401626009896120878e-03
-2.046753101599205725e-03
4.698313449571177563e-05
5.586317619151218508e-03
1.338411982743040705e-02
1.936470702811060682e-03
1.096172294820326647e-03
1.432816841771459128e-03
1.722360842308550853e-03
-6.780535159574843868e-04
-9.372982647426232605e-04
-3.474156956678373619e-03
4.801874505990899600e-03
-1.526903459393196471e-03
-4.562351193357893145e-03
-1.197030195830377708e-03
-4.814795736148943964e-04
4.678565108805092575e-05
2.044429315970297187e-03
-2.683827545903033455e-03
2.876746556491778777e-04
-2.594643133620846368e-03
2.226856877118953137e-03
-6.488519658909446854e-04
-9.485607187406502059e-04
1.463628653851951986e-03
-6.679339851104641257e-04
-1.240797638485799468e-03
2.505503104980187808e-03
-1.496903081484626070e-03
-2.353684669214413036e-03
-2.516157521715902019e-03
