1.914978214090612657e-04
7.776079249604854937e-05
-1.474531627451561907e-03
-9.125930947117598196e-05
-1.054621350940948988e-03
2.898833284616225518e-03
5.225140536213796535e-04
-3.188189847975392288e-03
4.292491836219832152e-04
-8.907793734508243999e-05
-3.168131391066036136e-03
-8.832253179503724797e-04
4.986551132987061125e-03
2.768357066199044880e-03
-2.334038940563019481e-03
-4.013776231773933311e-04
-1.561739792492774235e-03
1.044543702939570908e-03
2.025267524860603630e-03
-2.140063957819499758e-04
2.096319648190532198e-03
-2.542169308632657890e-04
1.063963940062916417e-03
-2.961930389539255224e-04
-7.622774809260705886e-03
3.698488275888000480e-04
1.441904273019871396e-03
2.538636636321380067e-03
1.819036556382710740e-03
-3.326151970065792081e-04
2.868674035078417044e-03
4.417178941584197667e-03
-1.539051258037771319e-03
-1.292029410179529542e-03
1.960312040259349319e-03
4.204620986284478626e-03
-2.644943930906728299e-03
1.128878537376295631e-03
-1.098002115341693711e-03
-6.136279908240089382e-04
8.656930981563581030e-04
9.954732472735781067e-04
-7.064723408085644019e-04
1.774043864002324000e-03
-2.243326438978238656e-03
-1.000829331236140901e-03
-7.726164456302461953e-04
7.879399787940131582e-04
3.057359379855815258e-04
-1.782898111795282116e-04
1.705264687491034326e-03
-6.446679515473420052e-05
-1.957075793489295064e-03
3.382159061611626858e-03
1.823413986737220868e-03
1.003715750877275147e-03
-4.689004413887209424e-04
7.962932524280018961e-04
-1.060172751260980576e-03
1.202368264170978812e-03
7.470218278200169647e-05
-7.533527547657198602e-04
8.067611626059262514e-04
-3.429222632637373477e-03
1.126901480519925964e-03
-4.068950522190200800e-03
2.463660302895166960e-04
1.476377275107022737e-03
1.750849924698625031e-03
2.879968155713267261e-04
2.732730368270948947e-03
1.139967717605099018e-03
-4.834560178904754517e-04
-3.684391120660444061e-04
8.920561786643120897e-04
1.330115002364728408e-03
-6.032987641344775319e-04
1.385577409253320718e-03
-7.153964759217688787e-04
4.004399221237529448e-04
3.695590404772343580e-03
1.265804610849372534e-03
9.362073810984204974e-04
3.568854941221842592e-05
1.516505091450637017e-03
-1.897205955969135510e-04
-2.821215417370092878e-04
-2.605701923513624278e-03
-6.317666437260273122e-04
-1.515003809339452671e-03
1.442139730091899260e-04
-1.972849850867181010e-03
4.371868839537228039e-03
9.132721810028125850e-04
-1.458024757569987033e-03
-1.308204465358623692e-03
-2.271148669848286770e-04
1.647682444870007725e-03
-1.107340204538641076e-04
9.264770594606616411e-04
1.353807067827047638e-03
-1.249136948700524906e-03
1.106132907791500947e-03
-7.217207943626735567e-03
1.780310381011890233e-03
-7.549454576906219558e-03
-5.047270834964555526e-05
1.431891143550779143e-02
1.604282725884140833e-03
-1.922653331423665717e-03
-6.663312085041046481e-04
6.217969140245844725e-03
-3.614251010757157066e-03
1.782378333879680500e-06
1.616804483644802490e-03
1.906026445980720652e-05
2.573960004168280875e-03
2.139836820229169302e-03
-1.086102430141358110e-03
-3.421222008665875981e-03
-5.047999419740486788e-04
1.158032696945922226e-03
2.031118115770125417e-03
-1.621306439252179210e-03
5.384899492679666444e-03
2.999058682754300337e-03
-1.885812237549542485e-03
-3.302172376350844506e-03
-2.698894198833665103e-03
-4.466923681728309794e-05
1.330906650615727932e-03
-1.609154613984245129e-04
-6.056549540038121040e-04
6.128952292013872729e-04
-3.169290110281238631e-04
-3.642985972100366843e-03
7.385745113307600482e-04
2.814993936129966089e-03
2.123611620180840785e-03
2.481545875138538608e-04
2.183641212899458588e-04
1.025394295011984244e-03
1.114965756990765090e-03
-5.766336321731535021e-03
-4.340414972128137441e-03
-4.130289869697041476e-03
2.793554647394803632e-04
-1.345005936367862833e-03
1.304507305075650178e-03
1.571815483527450345e-03
-2.743053228587355279e-03
-2.964771291074459834e-03
1.025572664259240209e-04
1.440881757915818840e-03
-1.448113736289094585e-03
6.461299732989974481e-04
-9.362423151557177920e-05
1.265747225541027053e-03
-2.679347029228354871e-03
-4.493597237045988476e-06
1.020004826059401574e-03
-6.321753906512634106e-04
2.950806396400193097e-04
3.174072838719817127e-04
4.382750482449879019e-03
-1.019512834483041078e-04
-1.180292590602886795e-03
-8.583830872580536448e-04
-9.098542295886151345e-04
1.118115222123819159e-03
1.371297031395862310e-03
-5.003441236621109390e-04
-8.071969907905063215e-04
2.140737343410352867e-03
2.528582895468940890e-03
1.162253089550216879e-03
4.722295829077438264e-03
2.372903594098000712e-04
-2.503234744384432798e-04
-1.571290816346215379e-03
8.915313526967394214e-04
-7.209952820726975471e-04
2.239974864624320536e-03
-1.213806471490964109e-03
-4.028383933475878807e-04
1.542881516706826484e-03
-1.682827317266145884e-03
9.611985474817079942e-04
-2.302586891830498035e-03
-4.457290560517470149e-03
4.390689317308587095e-03
3.538136219458266982e-03
-6.042013824715595886e-04
-9.236257173919623165e-04
-4.560929830497803365e-03
-1.119274742029194997e-03
5.447397909265795776e-04
1.350518126796063437e-03
-2.610013178666334335e-03
-1.291395870711610754e-03
-8.298730672016182541e-04
1.312150852636664606e-03
3.089922487906247676e-03
1.569996994367802226e-03
-1.181722291887869194e-03
2.328930016053546511e-04
-2.824272744385956588e-03
-3.272831701384271543e-04
8.943416209176751263e-04
-3.374967315468700192e-03
1.459528890770244326e-03
-6.841272148921800911e-04
-1.156441550978254363e-03
9.960810949068729485e-04
-6.286983600084703177e-04
-1.234061513856824551e-03
2.870490547999894008e-03
-1.719309287707170616e-03
2.962218760629169861e-03
-7.844097690778938353e-04
6.139430783680509133e-04
4.643198942622781987e-04
-4.997585744899547345e-04
1.975994903813601232e-03
2.770322639094179029e-03
1.049849529845824818e-03
-5.759620599423065597e-06
-1.995347829785318761e-03
-1.634768048584123255e-03
4.128225270561721588e-03
1.407804220938395096e-03
4.334340121874512004e-04
-1.609369339277416308e-03
3.618139119820032077e-04
-1.568555130505900046e-03
4.460589403971830210e-04
6.952751160466289848e-04
-9.245093458092358552e-04
-1.498653060626277996e-04
1.317929023517352364e-03
8.127673952250221356e-04
-1.512753737642259268e-03
-1.176316725158049390e-04
4.402176459848133471e-04
-1.959871798723235737e-03
6.635840974620215750e-04
1.431828988770524232e-03
1.921984628079672535e-03
5.922338227194620620e-04
1.670880525833729553e-04
-1.077055631485532208e-03
-2.060715735472795369e-03
-2.021182487873786837e-04
2.179144714835667756e-04
4.068926257039574032e-04
1.181726234063347827e-03
-3.266087825935707722e-04
1.840315405142740890e-03
-8.278109052164554001e-04
-7.441699503983682231e-04
-2.813163855395573853e-03
-1.049446195869650029e-03
-1.223752519578086544e-03
7.451470865574597209e-03
8.518160471872508415e-07
-2.626538289519433043e-03
9.456794024131581853e-04
2.624933836956203862e-03
4.077876212323973968e-04
-4.303359455641433203e-04
-3.217728507054454408e-04
9.231895271937266487e-04
3.423938899693528080e-03
8.226400972014642418e-04
1.270380083761574598e-04
2.946784394111202042e-03
-8.062309198294704150e-04
-2.391729924001936180e-05
-7.147664881631997033e-05
-1.271949738084650339e-03
-5.466793967634312260e-03
-7.302611471308260299e-04
4.050608729429917105e-04
-3.548175537436354301e-03
-5.110070705046710661e-05
1.625972936693921480e-03
-1.864843312035483966e-03
-4.195807465857887063e-04
-8.512171138541095496e-04
1.013227756939292937e-03
2.564053859214795398e-03
-8.235945539019528172e-04
-4.017959683487376706e-03
-2.963280773382735885e-03
-2.578258697232412369e-03
-3.176742510561177298e-03
5.493083901187465314e-04
-4.205147052379398028e-04
9.095977260318022228e-04
2.071545974236056568e-03
-1.971449655765592120e-03
-1.069341307976293294e-02
1.966570237973168031e-03
2.227951271593237199e-03
-5.064750288472300976e-04
-4.686108430098331543e-03
-2.295228536683973264e-04
-1.529716032763302246e-03
-4.157336474627881080e-05
-1.410686645231461114e-03
2.066478494441858506e-04
9.609494758746055677e-04
-3.713382100040993165e-03
-5.082668409174777649e-03
-2.128818525558180512e-03
5.680141966837438765e-04
7.341473607773815920e-03
-7.514768306568257120e-04
4.237499094136282576e-03
1.072496176821919125e-02
5.181799697590040374e-03
7.302071809485060402e-04
-9.848265437812392820e-04
-1.022399908816593820e-03
3.064524102875785475e-03
-1.444734175816795186e-03
-1.877738549138957503e-03
-1.402359932786348537e-03
5.717543309362203233e-04
-1.630197811890092595e-03
-2.687020677192774112e-03
-1.801840266337561463e-03
-6.337865491808245477e-05
1.568418710173365887e-03
2.116312238280561048e-03
3.041902596617022253e-03
1.238332793265732156e-03
1.078292962099195893e-03
5.839798020531991249e-03
-1.451132935311258291e-03
7.271491421353993949e-03
6.358102046954386584e-03
5.336858991763984835e-04
1.006684704907548225e-03
2.393674014502080241e-03
4.061505875061349746e-03
-4.398094001106562720e-03
4.720497732804663019e-03
7.005824024741093194e-04
2.094549345872731300e-03
1.144602014789649963e-03
-2.515088436878191135e-03
4.147117306223723973e-03
-1.790047466859989429e-04
3.027084411648275995e-03
1.134440348974311268e-03
-2.657383694761528397e-03
-9.708218906336246517e-04
-4.238204784793182453e-03
-3.387994722767877307e-03
8.626953751072096582e-03
5.552061686377973183e-03
-7.525559725625419367e-03
-2.491055794112668250e-03
4.572230346156246072e-03
4.872330424833767361e-04
-1.338998590756472484e-03
-4.153685004695984736e-05
-1.207223136342462600e-03
-9.896115622365273500e-04
2.351994305418179942e-03
7.063953777020454475e-03
1.017082285342279374e-02
1.128456369859397353e-03
1.249075554323567441e-02
-3.810240558854004200e-03
2.884333945164717968e-03
-7.482628989663495751e-04
-6.317635401382515163e-03
4.014723228963778916e-03
-2.335579183823251713e-03
6.045618848479116176e-04
-1.742094937515322991e-03
2.520508660256057973e-06
3.378252553157062247e-03
-1.815630495965332106e-03
9.509100669610672397e-04
-4.093877754013408349e-04
-3.184303177215633968e-03
1.244675935578349810e-03
1.301628388889350179e-03
1.372338296261527753e-03
2.788140548538276149e-03
3.436983911660584055e-03
-2.425719424118409021e-03
1.254665222462853337e-03
-5.881733330912746957e-03
8.643497269368865957e-04
9.667715485067458325e-05
-8.291027713528452761e-04
1.287485631919530913e-03
-1.561938220745124565e-03
-5.815946675394175773e-06
1.002559405045828347e-03
4.243369026167726279e-03
-4.601152247775121447e-03
-2.076612550273309373e-03
7.982402414121682246e-04
6.959923894519662139e-03
2.022493945983427216e-02
1.796829609237749013e-03
1.033407634485717513e-03
5.098031495954220664e-04
6.823398169408375832e-04
3.371986556820716048e-04
-9.811694549648024288e-04
-3.245320672794081620e-03
3.699048586103128623e-03
-1.488593333563592190e-03
-4.169261261720129570e-03
-8.368846400692829274e-04
-7.696371361719479484e-04
-4.556339690512468320e-05
2.438348710559277988e-03
7.820007614695066245e-04
-1.959373752539162968e-04
-1.621420765817683293e-03
2.243816416135666764e-03
-2.268564801933780056e-03
-1.083522002476938534e-03
1.577275196708931640e-03
-5.303225543084871948e-04
-1.852117506053185814e-03
3.462229436287627381e-03
-1.267267077545804286e-03
-1.266243835796794850e-03
-2.202761889376535220e-03
