1.348025217852642484e-03
-2.347509743824892532e-03
-1.140778137598067940e-02
-1.495088214769196887e-03
9.319456130797510243e-04
3.322041499045799012e-03
5.129718755033446046e-04
-2.894385076976368175e-03
-1.594481445313872538e-05
2.953227654141800515e-04
-4.320920894890220749e-03
-9.632645775348024509e-04
2.973113060165148789e-03
1.173606962922614256e-03
-1.434631566651884500e-03
-9.627873465720525738e-05
-1.463798771260427581e-03
-7.751297878771454676e-05
-2.692818509711484426e-03
-1.445248769509014774e-03
-2.459673103092285470e-05
2.329839738821012397e-04
3.012348089433160292e-04
4.320948117468525161e-04
-5.872014856430496886e-03
1.628453959623048534e-03
9.279801282870833376e-04
2.024325391152350089e-03
1.202477311546221086e-03
3.507476986173379651e-04
2.633225122045389742e-03
4.395983342359992795e-03
-1.503840843025664353e-04
-1.153705782186351374e-03
5.837919560491600405e-04
4.303109123668513204e-03
-2.437655439331627878e-03
1.077112822466933179e-03
-1.104847682395478179e-03
