2.448456686353583890e-04
-4.396485739230674393e-06
-2.209912278388103443e-03
-5.727504501466930225e-05
-5.965436195985044992e-04
9.510585258820782950e-04
-8.806877030708034054e-04
-2.327408672057092263e-03
1.682615612221582718e-04
6.924591553967631439e-04
-4.112142548387378964e-03
-7.353624032574565452e-05
4.200599052351412441e-03
3.582769896529270498e-03
-1.521895551564709809e-03
-3.330772872349412723e-04
-1.180654682985409713e-03
1.550982319997455628e-03
1.213000136741394569e-03
-4.257407550294554607e-05
2.279019087150876543e-03
5.885520647778437866e-05
5.271508205371954739e-04
-2.298250626350201251e-04
-6.152727293174451058e-03
7.700890544513663266e-07
1.519869776985814745e-03
2.778571312604141870e-03
1.870076254758545452e-03
-1.855554715597952620e-04
2.215644258190670353e-03
4.345183109600319997e-03
-8.553049908595242948e-04
-1.609069442547177153e-03
1.066581329275804579e-03
3.940683847902599207e-03
-2.755752745173881569e-03
1.199057769602808682e-03
-4.637717228994476344e-04
-5.392636632056077041e-05
5.017973502442283750e-04
7.594054318526118280e-04
-7.027008036775329479e-05
1.071006880703654750e-03
-2.645453918178873078e-03
-8.703469256408965377e-04
-1.050293976492852393e-03
1.108170811234126000e-03
1.470601293653753640e-03
4.676326774016425353e-04
2.897740634395478201e-03
6.123512961496924622e-04
-1.457507639278122656e-03
3.374064633380751028e-03
1.158570383650353716e-03
6.412278368554887335e-04
1.094840929604473613e-03
1.492166513646464186e-03
-2.275532811829368302e-03
1.712485132095269104e-03
-6.679569692873350058e-04
6.764744930753735855e-03
-2.418488743651611586e-04
-2.417974838287374664e-03
1.124331723853262384e-03
-1.872012336527881888e-03
8.225222069021348665e-04
1.383190782096287326e-03
2.172281746127758401e-03
4.764771353008134119e-04
2.996131063289370240e-03
2.023378963838047290e-03
-9.844199057504705245e-05
-5.990104609363529689e-04
4.507461689325036980e-04
1.597982896256034627e-03
-5.332374474996670870e-04
1.067923871366450702e-03
-1.062828382909980236e-03
2.539600108544822583e-04
3.879057581540666742e-03
1.154932947438929184e-03
8.857492239114809563e-04
1.912657270706105109e-04
8.984561211424060617e-04
6.687532197040116149e-04
-8.432875679936741942e-04
-3.596974977313659866e-03
1.573870109172641793e-04
-7.329694286387979400e-04
-8.224154025437586946e-04
-6.450211251237073645e-04
2.891711807045710576e-03
5.763297969358261320e-04
-1.546056152463882961e-03
-1.293880406461191167e-03
-1.566003250989284209e-04
1.470429205599300048e-03
4.843568527171398684e-04
8.572267585494691092e-04
-8.131749250824840897e-04
-6.889900017619701288e-04
1.431205738636307781e-03
-7.147443942543451993e-03
2.164931359770104480e-03
-2.931408550863301085e-03
-1.258136601529056360e-03
1.344171826644162404e-02
1.297109367748509661e-03
-3.291119468428770067e-03
-1.426421614787708354e-03
6.746089495294304954e-03
2.192968992913703515e-03
5.225010589546783555e-04
1.999078448032538639e-03
2.781033002443044928e-03
2.095865758264754946e-03
1.433086704730806562e-03
-1.113184492197534167e-03
-2.947374506161201495e-03
-7.314695110929270942e-04
1.764700903774768254e-03
2.390489174193682030e-03
-1.365639837846571074e-03
7.388938173286678686e-03
2.614989884633987880e-03
-8.322194306183723763e-04
-2.986468768502155511e-03
-2.059318396204978200e-03
1.304703282502837685e-03
1.824535569321939377e-03
-8.992066845004472592e-04
5.846870450043570875e-04
7.422553877312820184e-04
-5.278387169863117765e-04
-3.403197859523814702e-03
4.773125342224458214e-04
3.672787197252692752e-03
2.096380606211078849e-03
2.473001345576513648e-04
1.808568077497222298e-05
1.961577463394784289e-03
1.437284745353351999e-03
-5.778902461064393085e-03
-4.127188536282867456e-03
-3.678266383441528876e-03
8.289901426237969309e-04
-1.049020957510076553e-03
1.049647052362692864e-03
2.026024788214514025e-03
-3.004775481606828530e-03
-2.652031765639118518e-03
1.690934177570100445e-04
8.672164562920949005e-05
-1.568173323593707782e-04
7.726920803778705455e-04
6.720664789446886226e-04
-5.415793855264987864e-04
6.839100910814617930e-05
1.659343785396050252e-03
-4.323234329076550099e-04
-2.521477644822985205e-03
-1.851666135696033912e-03
-1.654749113924912699e-04
3.346538209055752774e-03
-5.636456102424022797e-04
-2.236498984906523484e-03
-3.991983577983644724e-04
-5.871167955010411733e-04
5.760331079511847672e-04
2.280233414115891751e-03
-9.085810239709996581e-04
-1.387548859713779717e-03
1.651351169364679737e-03
1.852872447193461281e-03
3.767155219796497305e-04
4.014556247181747146e-03
1.097201963430883805e-03
-8.664462484021835794e-04
6.761387054031911103e-04
-2.493248388465316330e-03
7.207437029637526723e-04
1.059663571385241606e-03
-1.098813393519595082e-03
9.190605696680559725e-04
1.163900999310453011e-03
-1.368753787714309476e-03
1.143363894713570481e-03
-2.460970909855549667e-03
-4.677263020483484780e-03
4.299029756115558404e-03
2.923293069613249612e-03
1.419357896035979318e-05
-8.382021946664498660e-04
-4.252922421652051942e-03
-1.573490622004564913e-03
-7.206013255103384859e-04
1.103828877390145621e-03
-2.055477013484984395e-03
-8.640132758764261511e-04
-7.446179442989508176e-04
1.510147745660992248e-03
3.214372827284406407e-03
1.311859433446352884e-03
-8.120759560069024325e-04
3.242126822328033372e-04
-2.242084121535109758e-03
5.311170039430012030e-05
5.731014415738008676e-04
-3.029427422680240969e-03
8.899168233015818932e-04
-2.557813517501893695e-03
-2.030491086226312268e-03
2.076851572023192052e-03
-1.362246656014701228e-03
-1.537001604954646135e-03
3.492952676106909297e-03
-1.790373739788570949e-03
2.779397228225980940e-03
-1.043102088096953955e-03
-1.647700647562649759e-05
-1.679926758714163316e-03
-1.599010184272896414e-04
2.882335966681885339e-03
2.621867282035448329e-03
1.198220327400230899e-03
5.476172048868440615e-04
-1.048892379571190071e-03
-2.294715707968751454e-03
1.163166329078866267e-02
1.609751056122105855e-03
4.844308201438672569e-04
-1.488602764467402903e-03
1.949239099725036026e-04
-1.616680719907076557e-03
4.777244146845499454e-04
1.638928506264927766e-03
-1.603374200007615363e-03
-1.196927093742746178e-03
2.343031189082437835e-03
9.660975110350423709e-04
-1.338817483033835545e-03
5.325712470029793973e-04
4.417991822401165958e-04
-2.314758028084706529e-03
1.305118344068617641e-03
2.604746854035670106e-03
3.040226174996824796e-03
7.146659394333909577e-04
6.612811456593151757e-05
-9.350762377279047072e-04
-1.951500405967923233e-03
1.942825966123507374e-05
2.653672768261461216e-04
7.311726188565009690e-04
2.073661000466347961e-03
-8.291426714975829587e-04
2.091225330675181189e-03
-1.174019929185001181e-03
-7.003782236614816779e-04
-2.163589383272730877e-03
-1.128435839010785442e-03
-1.150168925818773882e-03
7.473250460625846352e-03
-8.984728081496073059e-05
-2.177791299829249204e-03
6.731206281163049868e-04
1.004460280251578443e-03
-1.568717352517808960e-04
-1.194806339767095615e-03
-7.531220296306412399e-06
2.177148736483512908e-03
3.013371504371634233e-04
4.083415240470115136e-04
1.889361444207599081e-03
1.089783419093326867e-03
-9.723575387136444139e-04
-5.918515552920148529e-04
3.550494356540413472e-04
-4.644441182090971879e-04
-5.058181373028272469e-03
-1.309995596680222155e-03
4.528846520177163713e-04
-2.509121298476734655e-03
3.222912825516099792e-04
-6.928903214638763939e-04
-2.675519345172810808e-03
-9.539396059289325736e-04
-1.136181619888482989e-03
7.360711294970678342e-04
6.252515777225842002e-03
-5.904677486080200932e-04
-3.597817375085964574e-03
-2.818512027921239553e-03
-2.763191654026504306e-03
-3.282702485430337609e-03
-6.092864047383565523e-04
-1.398026488870588889e-03
2.144059100413122070e-03
1.976935694190509307e-03
-2.030797183894924012e-03
-1.260098690188450610e-02
1.370887776942855858e-03
3.373050958169606425e-03
5.227956257087560462e-05
-5.196992132574349173e-03
-1.278642745673002484e-03
-2.462112284005514660e-03
-7.760124950954454042e-05
-1.382834553379653619e-03
1.532763965334773626e-03
2.690366508468443590e-04
-3.013634002844203883e-03
-4.336026455183490495e-03
-1.273225103932979201e-03
-2.047437538539240154e-03
9.632208808913557407e-03
-7.396439354477525770e-04
3.558447903286039889e-03
1.098347670196361640e-02
3.878316622268915791e-03
3.914254143167502200e-04
-1.261610200958541723e-03
2.508695810690338450e-04
2.877388992055818825e-03
-1.327034417123619872e-03
-1.923975744475652644e-03
-1.316007771117941967e-03
8.267677911173128887e-04
-1.109663211868833991e-03
-3.449983638321886016e-03
-1.647192438868250132e-03
-8.762875132957925967e-04
1.349957932433803283e-03
2.236641648918748747e-03
3.453539461211211411e-03
1.320850032082863425e-03
1.329369504562004107e-03
5.943126155127159346e-03
-1.308174664165774300e-03
6.157857482611211498e-03
6.931581433773402641e-03
6.085711232938903134e-04
1.558404291172230637e-03
1.708520043988455720e-03
4.466111878375079308e-03
-4.718228063732564023e-03
5.540354875527826392e-03
1.109881666303378636e-03
1.677435021155628588e-03
1.345374934079960390e-03
-2.448872513289819444e-03
5.475192621230348666e-03
-2.494882472349999633e-04
3.109903696350987522e-03
5.025798413188531941e-04
1.698618388286254107e-03
4.354326140119485727e-04
-4.715755436866425274e-03
-1.094080036798902129e-03
7.285492125546555106e-03
4.719307466491556163e-03
-8.195884786273036765e-03
-3.033019348820710677e-03
3.644333132955265321e-03
9.204405159015376526e-04
-1.417877760917731931e-03
-1.179262668933557566e-03
-1.008032867218589760e-03
-1.011887903355256860e-03
2.003790294495883494e-03
6.684368614864601502e-03
8.344801302886162980e-03
-4.435555230559012218e-05
1.253962297669411127e-02
-4.035469960777720265e-03
2.838334344194929585e-03
-1.337508649901647257e-05
-6.436174979361010060e-03
3.592927730478857190e-03
-1.869359753095952911e-03
1.275236182975640186e-03
-3.449217443807739338e-03
-1.007158139802929997e-04
4.499193535662491215e-03
-2.312451391644520723e-03
1.203273170026116163e-03
-2.333847628383865780e-03
-2.026084832901355569e-03
1.557289034546901693e-03
6.187367311713233391e-03
2.387866669106726396e-03
1.927440509529282364e-03
4.146423231916050375e-03
-2.569144024813363805e-03
1.075330288621487813e-03
-6.175313232538176197e-03
1.107994748475288642e-03
-4.986976095951807433e-04
-9.072403383074225162e-05
2.749140161042181937e-03
-2.340408451362443933e-03
3.536924948916977322e-04
4.844831816283217199e-04
4.877155093819473229e-03
-4.684494875701846958e-03
-1.841272215209574905e-03
1.562497990946716054e-04
6.974492324811362373e-03
1.336525213107725082e-02
1.513981777510780983e-03
1.413542823272155146e-03
3.289364525221441559e-04
1.136363449034443352e-03
-5.223983333393574001e-04
-1.055637126266101853e-03
-3.414764929225799859e-03
4.197669173917376387e-03
-1.530052727599973388e-03
-4.842786464760284043e-03
-9.982753508134987672e-04
-1.190867962582916554e-03
2.500003438076201824e-04
2.320535707009553639e-03
1.623537613157395500e-03
1.134039950174324735e-03
-3.573655065526546988e-04
3.453130387675509751e-03
-2.626334675264124698e-03
-1.473884542410907163e-03
1.502724913326545456e-03
-5.120972707199391823e-04
-2.141456684032966035e-03
3.024480008519088610e-03
-2.045448163367438125e-03
-2.177484268781816612e-03
-2.152741761572438042e-03
