1.248296022271023651e-03
6.619154818861422169e-04
-2.320696318601640426e-03
-1.368100386806357204e-04
1.721249722721111093e-04
1.212049609929222345e-03
-6.352375628873344841e-04
-3.122514863857601183e-03
2.877014401428073078e-04
1.025226019724233923e-03
-3.495587404693022669e-03
-6.841556323407406263e-04
4.428838555697329343e-03
4.342120354509197835e-05
1.722369006580216964e-04
4.601007259352299134e-05
-1.718008653018740462e-03
-1.265003796762958783e-03
1.923083954371475638e-03
-2.027328465914616574e-04
2.459356435925920577e-03
-1.961643350019550238e-04
1.030131271283789372e-03
2.432739587797109657e-04
-1.006102003776423830e-02
8.209161357767632173e-05
1.461128852048018201e-03
2.684568625185663679e-03
2.337140863113150099e-03
-4.945175015733935860e-04
2.649028385905754287e-03
7.003060456459331458e-03
-2.653921799775697116e-03
-4.948205903654895495e-04
5.054406405828673621e-04
-1.193139060511558616e-03
-3.299768888524711070e-03
9.209931960277686121e-04
-7.223350565864693987e-04
-3.204025870857247745e-04
2.248956926306370022e-04
8.364886640956905803e-04
4.194532146769057386e-06
1.293330781366492863e-03
-1.176196943689639248e-03
-7.127972016535839535e-04
-5.074733480978959243e-04
-1.386959148123787216e-03
1.164495558338006671e-03
-1.243035879970912083e-04
-2.786061045011305496e-04
-1.090090123550531724e-03
-2.902878434611919165e-03
2.993996458393412274e-03
2.004339080942425452e-03
2.012599373138719908e-04
1.023387208622509627e-03
2.005056902328305243e-03
-1.741218040839557753e-03
1.097384530147609049e-03
1.217970271081842001e-04
-1.723327820143459848e-03
6.871357443763247532e-04
-3.078672607870428218e-03
5.690492982007424932e-04
-3.908422679074213466e-03
-8.818097353822343821e-04
1.449221404538715346e-03
2.112795913353068301e-03
2.867603855646993615e-04
2.520999991297529202e-03
1.209236218015641165e-03
-4.274433399006394916e-06
-5.911407631040439120e-04
6.131078306871370204e-04
1.916149275994336130e-03
-4.075593910715867812e-04
1.183397515545343056e-03
1.199239337841388276e-03
8.595200600563918905e-05
4.409440778956242105e-03
8.388577292018570275e-04
-1.156852296007511785e-03
5.580498879559183441e-04
9.183343620374756619e-04
6.272695988481204665e-04
-5.424373374325417579e-04
-2.453940614210710879e-03
-9.590809597067731030e-04
-8.426232782474122251e-04
-1.910425008503789353e-03
-3.800198752686228198e-04
2.577856123125278967e-03
1.098809640811187604e-03
-1.873407257142194584e-03
-1.301210344752759020e-03
-2.383338637032447174e-04
1.054803183652535878e-03
4.410188956224324710e-05
7.310646482879050402e-04
4.670936926768927541e-04
3.961318056143682716e-04
-7.125264490294627023e-04
-1.027218038767262025e-02
-3.361873143195569257e-04
-7.969063815673612175e-03
-3.138345810044546481e-04
1.133487402448181067e-02
1.513067284913856064e-03
-4.681289971351109726e-03
-2.881825232858087815e-04
8.795089471737533443e-03
-5.375749835659239702e-03
2.257961000697571510e-03
7.268676502397570225e-05
2.254834127284256751e-03
1.959235617296953714e-03
1.933708560078921087e-03
-2.423864012203208462e-03
2.394611350663572880e-03
-3.642269730369979835e-03
2.295361347203107080e-03
2.533777168419383118e-03
-1.292884160524003815e-03
8.837328953448506108e-03
8.549032527916655948e-04
-7.304749069874800745e-04
-2.923295303561983943e-03
-1.901227868840879576e-03
6.755618971403451727e-04
2.123365396683815458e-03
-1.314743087741824384e-03
-2.927469203374599748e-04
9.013212087282937218e-04
5.709241545551018955e-04
-1.393929681621588947e-03
1.242694702793002096e-03
-7.215430837478706717e-04
2.569244027373625110e-03
-1.020866525092995174e-03
6.484779738826198982e-04
1.698634297355090719e-03
1.034583380097657502e-03
-2.868586959933111524e-03
-3.321236940110345454e-03
-2.895995122811421789e-03
1.862195632339479472e-03
-2.748926207655975375e-03
1.873598246516923168e-03
1.553834076551286175e-03
-2.471378212766447459e-03
-2.665283605694174565e-03
3.604453208693141194e-04
4.044629794478292288e-04
7.414813916922845076e-04
-1.913380182585252697e-04
1.958562404989321222e-03
-1.145871252301407326e-03
5.407526788412212208e-04
9.956386643924235343e-04
-8.953099562584009713e-04
2.169181026770164379e-04
-6.104839712471312125e-04
-1.348933406812620342e-04
4.589339399511715815e-03
-2.015495268930246847e-04
-1.526760216977807953e-03
-9.221172827696948876e-04
-1.334144130443101468e-04
1.199987548218787656e-03
2.006962023882681145e-03
-1.746228750362218600e-03
-7.537703442397573471e-05
1.400677910337273140e-03
1.942217111515255569e-03
2.264151119684285757e-03
2.964462464819781796e-03
6.149583523834802274e-04
-1.541303911127485686e-04
-1.220153570959519110e-03
9.862438033884678764e-04
-3.957290446852890437e-04
2.108907712607333961e-03
-8.916245232997230393e-04
-1.070508531561779609e-04
1.656938764912443659e-03
-1.585915346768171277e-03
1.488611244643597842e-03
-2.369401978902411100e-03
-4.089913587566720680e-03
4.200374159231882662e-03
2.947557056376073469e-03
-1.925949265362881559e-04
-6.803330225223743529e-04
-4.731449585441548956e-03
-1.454645494171513459e-03
6.519986390285711485e-04
8.138956809587441716e-04
-2.846431121653974616e-03
-1.903865460850164048e-03
-1.203129431736925554e-03
1.375121182431576989e-03
2.602273743787270922e-03
3.860891946523462882e-03
-5.675197841588225638e-04
4.355569311048967723e-04
-2.869292307934298569e-03
-5.324758982451506913e-05
8.876733184737439688e-04
-2.875739580075884014e-03
1.695536279639127050e-03
-3.086858446530443313e-03
-4.065220547992145182e-03
2.687227860858968677e-03
-9.610243672555255712e-04
-4.334098506157531240e-04
2.985439826501338137e-05
1.472009816487552333e-05
3.820935802978810310e-03
-1.513295017879563720e-03
1.322346595302566967e-04
4.640040204145626300e-04
-7.158102952402832769e-04
1.908069657885456266e-03
2.586087496062047277e-03
7.200141393344018127e-04
5.881261089442402527e-04
-1.637234602293618406e-03
-7.966068120825262749e-04
7.395341892732653147e-03
8.931082126599325117e-04
1.176523354675727221e-03
-8.098317236755527568e-04
-4.484373079475413170e-04
-2.126435537290553932e-03
3.926872336531611260e-04
4.814617071972215499e-04
-1.803038700647790083e-03
-1.784545099182728231e-03
1.099039796980321587e-03
3.701085819651429203e-04
-1.237244006002567124e-03
-1.370532343172521422e-04
1.489740793911812841e-03
-2.429542297616546238e-03
1.460277252770190905e-03
1.669592355336655190e-03
4.387837819197896484e-03
2.620147693641438312e-03
-1.204285139704948382e-03
-7.638440660855231896e-04
5.813105676812353392e-03
-1.241579050639411317e-03
6.361307979728385732e-04
-1.019192692057807690e-03
5.584565741401429067e-04
5.180259308925239548e-04
1.239186818314006540e-04
-1.443174642035397913e-03
-7.891655513175222176e-04
-2.327401730029782061e-03
-5.481838437053960676e-04
-1.407143653202809139e-03
7.512292411964334449e-03
7.676308641665429246e-05
-2.236331654178980773e-03
4.995308936106698187e-04
1.062338947968331348e-03
-5.156666761892264843e-04
9.412674819315854308e-04
-5.348132768109803642e-04
3.829939595072503838e-04
1.640333656351592980e-03
5.412083191050951576e-04
8.027208538969619672e-04
2.719315597647977041e-03
-1.075719561479504972e-03
-2.663245941505761440e-04
3.156060744304141027e-04
-6.670144509588652555e-04
-5.437091414997578635e-03
-1.621094188179903958e-03
1.727407079322237774e-04
-2.844087893008899384e-03
-3.538842932247562184e-05
-5.661060140284397907e-04
-2.903966121176614762e-03
-6.689153818376153068e-04
-4.191419953757893782e-04
5.336967084907155929e-04
7.098408654020405169e-03
-2.299271878897707518e-03
-4.191544802918415955e-03
-2.672200669097323129e-03
-2.117290411533139568e-03
-2.782718912755772871e-03
5.768391567401831132e-04
-1.845484915475267742e-03
6.678166811448941814e-04
2.638944064951584748e-03
-2.808869883594330378e-03
-9.172646562453678695e-03
1.742623539425544599e-03
2.994856949928507116e-03
2.663754214972593494e-03
-1.825534089805815746e-03
-1.618302148602718303e-03
6.708302441607444377e-04
-2.574490678714477549e-04
-7.794291419034410319e-04
-7.423417015520677271e-04
7.645431479903782137e-04
-4.628979958038233027e-03
-5.018641273564249279e-03
-1.353296387353401667e-03
-3.603757087467482558e-06
6.782959768663730619e-03
3.347024208839405497e-03
2.742191489881626743e-03
1.536278588288363979e-02
3.368560734091229254e-03
-6.965732563955009948e-04
-1.226418292506072701e-03
2.111209831509026739e-04
3.382355349803195608e-03
-4.654648510491669715e-03
-1.151461991507639771e-03
6.868029956325495244e-04
-1.371243972798999846e-03
-2.349087586990587350e-03
-1.052291955294490985e-03
2.667584740435884234e-03
4.061652234621161706e-03
5.727890979158199638e-04
-3.197251405632864883e-03
3.646250876858678734e-03
8.533420769214778573e-04
6.119337975244636216e-04
2.631365582194121564e-03
-1.581250698119321656e-03
6.334845968623871622e-03
5.786661353379829106e-03
1.124401738121135981e-05
7.211095803339263649e-04
3.474191010682632468e-03
4.392208606874180993e-03
-4.648251759408039002e-03
5.408032220176535107e-03
7.083900978812123980e-04
1.827603077008340803e-03
6.903088508152871927e-04
-2.472327880716885563e-03
2.872024052088763789e-03
-1.672786453666705222e-03
8.999379219712928899e-04
-2.669513801918017870e-04
1.590941899411386310e-03
-3.633789974779665197e-04
-4.938844753585963990e-03
-1.219603075290723836e-03
6.832135477011927818e-03
5.046697937181997967e-03
-6.490588098204279170e-03
-1.860505781993496794e-03
1.978216505682980821e-03
-6.028492536919401179e-03
-2.409764084171328764e-03
-2.004290760254413394e-03
-6.584014633035361122e-03
1.956078816552677020e-03
-4.665821778338337042e-03
4.618351161195075223e-03
9.462840960508213037e-03
1.380158990940110603e-03
9.537187656944867351e-03
-3.721038376683098638e-03
2.622518783744145002e-03
-6.585625825542266608e-04
-5.662792392854902948e-03
4.273799144258000511e-03
-2.090886796674944897e-03
1.466660769785506444e-03
-6.540010170636991697e-04
-1.941314155442928522e-04
3.664050294436629884e-03
-3.429563435055454391e-03
7.719100359375099130e-04
-3.822439682876562113e-03
-4.279017622833110150e-03
1.068819884631827793e-03
1.496271298097795553e-03
2.351860873628866186e-03
9.608239429767288732e-05
4.219304153471141287e-03
-3.804262608415042400e-03
1.661943719396214185e-03
2.846713046904393411e-03
1.172437846886474492e-04
-2.104234243222522817e-03
-2.844834624136459824e-04
5.233307847852118784e-03
7.260016341154000227e-03
5.265465107241337978e-04
-1.039561290370306836e-03
3.087840901280142214e-03
-5.125240395701551044e-03
-3.420610446870595792e-03
-9.218831009659948653e-04
6.751533689058598908e-03
-2.186705860663979047e-03
3.406443728482603985e-03
1.553735012400505851e-03
6.103351017275984378e-03
-1.828924387460425724e-03
-7.510785671381775335e-04
-1.245947902514464491e-03
-3.634999300987320440e-03
4.297772130054512349e-03
-1.873646867166197869e-03
-5.543022760170710980e-03
-1.105591086970597993e-03
1.061048543089710122e-03
-1.008423284231514211e-04
1.119386518156676846e-03
5.165205251923741224e-05
2.721180424683119744e-04
1.772050510198687446e-04
5.275651808710998467e-03
2.144043921075720026e-03
-2.295069376971057510e-03
2.686800497061684386e-03
2.710750835414852365e-03
2.044013382623576392e-03
-1.630211829598980557e-03
-2.266895197884117728e-04
-1.120466465644447346e-03
-1.965970071869364670e-03
2.535690706323250922e-03
2.967756984984912857e-03
2.486663185837594513e-03
1.658502986066257359e-03
1.641083920334910490e-03
-8.947817629487658884e-04
2.671947855175053205e-03
-2.137963109584513875e-03
2.531110305683302066e-03
-6.789587088656555327e-04
-5.364332821410527571e-03
3.022272027179201057e-03
5.203679462429981956e-05
-1.591160173064208247e-03
2.687360928198607893e-04
-9.874899299727143195e-04
1.278651704806377763e-03
-8.905646643636232988e-04
1.910202633153157837e-04
-2.041506441644830305e-03
1.242444924190909666e-03
1.392562608942116533e-03
-2.649067343217827706e-04
-1.836551218030913271e-03
-9.422707013730204691e-04
-7.214251222152505459e-04
1.412299566806836815e-03
-8.673647016693908016e-04
5.355921737510697294e-04
-3.475979788658946443e-04
-6.981000811479217165e-04
-7.061948495536817655e-05
-3.622387514584537224e-03
-1.128609530434459413e-03
-2.392636238893142749e-03
-1.064822762441205647e-03
-4.771013641104164711e-03
-9.751697085433948687e-04
2.008448726794157273e-04
2.177791956848682420e-03
2.347942577166711123e-03
6.769770257942349378e-03
7.607027136984021928e-03
1.095202210333756903e-03
-3.244608110212698839e-04
-1.585794785321633423e-03
9.156255212869187851e-03
-1.944654929167845183e-03
1.729621917128565780e-03
1.423536730127439396e-03
2.322889444239339615e-03
4.844218741089006963e-03
-2.025992075103747771e-03
9.967268973359577882e-04
-1.520836705592558379e-05
-8.047179886767587753e-04
2.809132827197712880e-03
-2.751270447933922047e-04
-3.997548037601815615e-04
-1.088422368050587290e-04
-2.213771250575436442e-04
-1.530304479359294572e-03
-1.917660530315476062e-03
1.767905130089998623e-03
1.446577177875475522e-03
-2.756593141090825328e-04
5.175726379822526363e-04
-6.492882642839008971e-04
1.338769795952972439e-03
1.880718521948254339e-03
-3.919779327884978688e-03
-1.206597780602680810e-03
-9.003177596829800219e-04
-1.840597583549288287e-04
-6.791408348544820473e-04
-6.585927771158531664e-04
1.124222731087574836e-03
2.960042542833766837e-04
-4.271874582723672126e-05
-9.263592544498792155e-04
-1.352678076210196093e-03
-4.810580161456950521e-04
-8.527670363939080043e-04
-4.397048459669236457e-04
9.251727891589437433e-04
1.135533089406113086e-04
-1.048245404330694743e-03
-2.018632201671002185e-03
-1.143513592491293956e-03
-9.862352438735886608e-04
-1.452018364147775751e-03
3.971756762550299712e-03
2.633856564681967809e-03
2.825824444683739702e-03
-1.505067208780302198e-03
1.028872485271275269e-04
-2.976182454970751137e-03
-1.617594588742103223e-03
6.110654847621432330e-04
4.189729464670899524e-03
-2.305934787028656157e-03
-1.711767008183275995e-03
-1.428846316448530033e-03
-2.893235506422920386e-04
-2.590051951214188911e-03
7.552539797706928548e-04
9.978421653283129755e-04
1.837804727570421402e-03
-6.329053143838045924e-04
2.248005354520145414e-03
-3.182979863404836727e-04
-6.657144015652035913e-04
1.140442184844152736e-04
9.067259396913022454e-04
-8.216448342986341479e-04
1.129327761775293301e-03
3.535123725126277424e-03
-1.140796671677112928e-03
-1.611943662236625359e-03
-2.290613688844902497e-03
4.098940384173576225e-04
3.458937708061894959e-04
-1.509390079652827947e-03
-2.829942002425000526e-03
7.952833983774198741e-05
5.525755296186356507e-04
5.591063227447899339e-03
-2.525604485173292687e-04
1.445620481407760335e-03
-1.712023034853822970e-03
3.580662998241268807e-04
-6.720882918936280223e-04
-6.041368455710788852e-04
-1.262415843704184555e-04
2.540445771173923230e-04
-4.859390523815929975e-04
-5.185143123549342111e-04
-5.338630312194364135e-04
-8.429679533309885004e-04
5.199833631546737708e-04
2.078367056249826213e-03
1.012347762691464918e-03
1.123106196938786477e-03
-2.680868349957297395e-04
4.445362239680943832e-04
5.095155092069545864e-04
1.705249088747248527e-03
-1.825090288009584413e-04
8.188640374606580416e-04
3.570358873684326530e-04
-6.020539000327933743e-04
-4.795702749903485440e-03
1.950263410110804297e-03
4.267568955411742897e-04
-2.129697404471416161e-04
-8.832895000794439930e-04
-1.930009990529618939e-03
-3.037569759406335071e-04
-1.786799747322272798e-03
3.432117409518515823e-04
1.545438957213799826e-05
-9.730438208097168945e-04
3.898995129667999797e-04
1.929914751303863111e-03
5.122763976076099082e-03
-2.392151814032305018e-03
-3.745973673356639533e-04
-5.478186821062733117e-04
-1.366403821684177488e-03
-2.456239653179662303e-04
-1.403294282671186993e-04
-9.110560964999117259e-04
-1.555164801822772830e-03
3.216064295071722025e-05
5.853825465599140406e-04
2.005333990337095518e-03
1.202615223771243917e-03
-2.275567683487699178e-06
-1.619218055876284462e-03
3.304823937624041478e-03
3.338742475678792916e-04
2.995601951486018960e-03
1.449457408783835202e-04
1.332644385610608564e-03
1.559811346007653659e-03
-5.616040769694146458e-05
-4.133734728102358698e-04
-3.366100454916631183e-03
-8.930464389982288153e-04
1.531980129374033248e-03
-3.545106801675953069e-04
2.486919564228607608e-03
-1.677088219082378080e-03
-6.066368328916933690e-05
1.620071364067335198e-04
3.985188164953771097e-04
-6.301442472482505358e-04
-1.122520594620834023e-03
-1.307696792112775610e-04
3.069061900088074267e-04
2.467188566642189267e-03
-2.672284251316276848e-03
-4.644993514862666320e-04
6.838714945876350195e-04
-5.725285266012538048e-04
-1.398011236817368851e-05
-3.624434329748318223e-04
3.239524373181205258e-03
1.009079652006123536e-03
-1.018274472586909712e-03
8.234267601543822026e-06
-1.594997070723081596e-03
1.885939668118125491e-04
-7.247417818408020528e-04
-8.913616914971066651e-04
7.992279981121486057e-04
1.423636852017627500e-03
1.810921482925812245e-03
-1.929901210879105661e-04
-1.347219760943496071e-04
6.568169671160120106e-04
1.458839562649136452e-03
-6.871529498413779784e-04
2.224104514933150124e-03
8.434443296102499526e-04
2.261496725969226133e-03
-1.893132478361400682e-03
-2.403442391567039720e-06
2.375218728710045118e-03
3.204581286083825649e-03
-9.201086011407990251e-04
-1.776772502899129054e-03
-7.900169026389301189e-04
-5.424223796613072534e-04
-2.786429015382549715e-04
-6.208269782041873517e-04
-4.570358021652218381e-04
9.623552591305013695e-04
3.578904309745450907e-04
-9.816531010684408087e-04
-1.318791591770809585e-03
8.149719267471269022e-04
9.650473172803455697e-04
-1.696482981130372283e-03
-7.702690143140174944e-04
2.242708415549935549e-03
7.572629278174698546e-04
-2.473011648639489996e-03
1.583637204959928088e-03
4.222412597640320194e-04
6.825817274094315469e-04
-5.989988378769939151e-04
-2.847394078288654584e-04
-2.513276519014276487e-03
-4.948316035274036642e-04
1.119781484318337636e-03
6.083689825211371222e-04
-9.295682336694140874e-04
-1.437682403124254920e-03
1.641661451431560958e-03
1.693258195840474699e-03
-7.930141945905140382e-04
1.036842073476987140e-03
-9.153848177378765341e-04
-4.401360073244083753e-04
-1.268016145442007678e-03
1.644404355210283414e-03
2.702812672896942343e-03
2.171030423896322566e-03
1.434248275724634477e-03
1.240318005805600161e-03
4.551103097513430626e-04
-6.958337193078576116e-04
-9.012957414008615845e-04
1.698094154053939779e-03
2.188446682096990142e-03
8.387062557248756720e-04
3.007265229346042226e-04
-8.542664293460754121e-04
-4.338227353216417596e-05
4.484265838124177131e-04
5.833342154718701867e-04
7.414586431922937657e-04
4.758269885142661507e-04
-6.820565851039198536e-04
1.490065380955103670e-03
4.976560198596503219e-05
1.219726198704540639e-03
1.841163961047060120e-03
1.768685088210305689e-03
6.284114652655691793e-04
-1.538684646684138979e-03
-2.394086522498875026e-03
1.077634166388352589e-03
2.997453309178081757e-03
-1.602253678857028848e-03
-5.990635632545546988e-04
-4.294614609245241479e-03
4.901742896241996364e-04
-7.016492849240302688e-04
-3.095016561140312189e-04
2.864305593229935810e-04
1.188733281975002786e-03
3.350942573642106456e-04
7.357201350517709104e-04
-3.800742697724759987e-04
2.283162255651307833e-04
-2.969558845152485936e-03
3.681379377717944519e-04
1.110746732952521722e-03
3.618918400385985319e-05
-2.328485012713197178e-03
1.798561109726159318e-03
-2.008179850263674265e-03
1.256100496602955818e-03
1.340771240831488799e-03
-5.272506866867978596e-04
-1.569484634006382880e-03
4.496775718648373288e-04
-1.042725496302271404e-03
-7.526279331523795480e-04
-6.094537711131712892e-04
-1.422740817344014331e-03
-1.716995569974815198e-03
-2.070079372378652170e-04
9.101503497092119791e-04
-1.083519494878735232e-03
1.500116542878623905e-03
8.376507372070922516e-04
-2.686762954575330764e-03
-2.094993571788527839e-03
-3.158986673017827145e-03
3.000429372098606905e-03
-2.458124514941271163e-04
3.709756329345323183e-04
5.099331577687537479e-04
-1.429119886839693007e-03
2.403331279687959295e-03
2.534356813276104209e-03
-1.153021853140356271e-03
9.775193407846108611e-04
-8.988240737596139753e-04
3.426393120302938526e-04
-5.109335834086725908e-04
5.379053687000160278e-04
1.603272960781874782e-04
8.391331756461044766e-04
1.582589839961656784e-03
2.431203672646242795e-03
-9.695629113053456233e-04
-2.499947176967726691e-03
1.314121570822480013e-04
-5.156715743520649212e-04
7.418764453729453749e-04
-6.738502466961424986e-04
1.793367960427558205e-04
-4.196497105499301665e-04
-3.210570969012916504e-04
5.725127460421516228e-04
-1.903187471812407101e-04
-1.879981386743309005e-03
1.521094638463213250e-03
5.914445301767847418e-04
1.298664018056918095e-03
2.675180222734958825e-04
-6.565693791765073260e-04
4.006656825196916807e-03
8.029241080117065655e-04
2.926059911911306401e-03
-5.107783302031903465e-04
-2.068298874455091769e-04
9.880197987932986246e-05
-1.383212833000193004e-04
1.267425177429325114e-03
-2.479296177233721813e-03
-2.563187369231693046e-04
-2.879706533133826254e-03
-5.102944874652761559e-04
3.289338197812000878e-03
1.128800009414185910e-03
1.365561436457246158e-03
-1.427062639431074921e-03
3.148224187994987447e-04
1.719032855988387272e-03
-1.023402147400830553e-03
1.569382451469612805e-03
1.259539001200840917e-03
-1.269269068047949606e-04
6.567772487522881265e-05
-8.264360724072313338e-05
-1.219400346515278968e-03
2.022130365188666221e-03
-9.290919414542209501e-04
-2.139834255873247250e-03
-2.300053868372732482e-03
-4.043640356479409614e-03
-1.605623658386271993e-05
3.229382233652047188e-03
-5.673003783486366743e-04
2.584146387838204099e-03
3.248643943994268665e-04
1.767434704161930444e-04
3.673775954462055291e-04
4.864831699730565553e-05
-1.284961432784597919e-03
8.704432316044355411e-04
2.970007396339563043e-04
1.147369237757674089e-03
4.404332328033036016e-04
1.003621052040650332e-03
-1.000266525789694425e-03
-2.155645936948256264e-04
1.381187667586811652e-03
-1.104202269441193190e-03
8.215647392699407248e-04
1.547035167312266028e-03
1.096414513084526237e-03
-4.627014318601775292e-05
6.562559157953673939e-04
-4.863017414686048490e-04
5.320769105828264392e-06
-1.662737931398443033e-03
-2.148121299632581131e-03
8.731510522707692720e-04
-6.617389664600577476e-04
-8.551765127954554305e-04
-8.416432256956294950e-04
-1.517425505074188779e-04
1.303538687142602502e-03
-1.163275244504298391e-03
3.227531663070429355e-03
2.505134988922344194e-03
-1.828591536397873238e-03
-1.058882213408629015e-03
1.864609465671379315e-04
-3.826259553501723878e-04
3.336950650210543596e-04
1.325571154203915043e-03
9.803826452238731566e-04
-1.683754358766734616e-03
6.886087232331624362e-04
-3.655949208801355301e-05
-2.211296887630666199e-03
2.185978586344195299e-03
3.709736080306843577e-03
6.168382667388692519e-04
8.903047962128237194e-04
1.200903360285545448e-03
6.015503200496568736e-04
1.173684367327466763e-03
6.928337789705327297e-04
5.759714008611116574e-04
9.465268925026310964e-04
-7.868874389875678711e-04
-2.246994504189698226e-03
-1.771565337552241052e-03
-1.910058624495047323e-03
-2.357456164709527228e-04
4.045560863445879811e-04
-1.210615591089872695e-04
-9.492887783401323179e-04
1.169696012567952176e-04
1.341156898967242042e-03
-1.347841028365502451e-03
6.355281855242366501e-06
2.330335938782430918e-03
2.413889172079951154e-04
-7.606367672085774566e-04
-1.133212143474031245e-03
-4.833212107956043227e-04
-3.506054580198604098e-04
-6.694481725943882220e-04
4.217992279456935292e-03
2.656721390669053006e-03
-7.896163029200324113e-04
3.311964679625849879e-05
1.733359719781086151e-03
-3.984306580876756268e-04
8.766961096369244814e-04
-5.133174957106678314e-04
3.466856819303373448e-04
9.612402573159555767e-04
1.321678756743436319e-03
-1.320679357837271917e-03
4.094357439396445193e-04
5.344675939049782065e-04
4.151503107318689273e-04
6.769520801521302462e-04
-2.394644878140109157e-04
-3.829586645262810906e-04
-2.495163327108335756e-04
-1.750871153700440973e-04
9.095998334660045223e-04
6.838749725745267788e-04
-6.547428746912428710e-04
1.501125268466789236e-03
-5.458792072328879502e-04
1.266852559084651574e-03
5.561722098061977350e-06
8.254306831097412344e-04
-2.756999716786633081e-03
1.343592665064491333e-03
