1.723133460710620001e-03
-5.732251439931015284e-04
-1.027066259933174901e-02
1.162685791190565428e-03
6.786897471304854153e-04
3.378724332895763956e-03
-2.934327935000265826e-04
-3.261768322327893502e-03
-5.657297049560059549e-04
-1.257932032197209542e-03
-1.987206381302698225e-03
-9.446245933314769685e-04
3.827048192764335305e-03
1.259617084466203114e-03
-1.056604689506165104e-03
-3.925501820050806851e-04
-1.649657886671104063e-03
1.754377170476048966e-03
2.998678451508987163e-03
-3.124368321079682245e-04
2.561407419543828418e-03
-1.386337216543503850e-04
1.786406104022475162e-05
3.988594995790542292e-04
-8.198454158391479604e-03
-1.094773968929299888e-04
1.542884845057041496e-03
3.191431435731134983e-03
2.872778834821830031e-03
1.539543923328966495e-04
2.717770997899212476e-03
4.377422015099231498e-03
-1.377773746410566272e-03
-1.427232974897031876e-03
1.250697569732697701e-03
4.377408339272696909e-03
-3.486887361934555823e-03
8.400706679798596293e-04
-9.495877904836423026e-04
-3.090210451367635027e-04
-1.383430213301964254e-04
5.684280585500655660e-04
-6.347589884898663729e-04
7.071078794959523078e-04
-1.661158890299241049e-03
1.015237398669140015e-03
1.162514394410549051e-03
-3.105524862342832148e-04
-2.503340604332857143e-04
-1.793382760891407655e-03
1.490522220191021216e-03
-1.349647456400631306e-03
-2.531759370633042665e-03
3.411318046064945250e-03
4.741311284382898204e-04
2.115438806930207795e-04
5.761239982132033933e-04
2.969330930075176223e-03
-2.119171024471829933e-03
1.789180349816662423e-03
-7.838672595623480096e-04
7.267858206509047146e-03
-5.807517801107055363e-04
-3.098739501922984172e-03
1.273346710560900553e-03
-2.649231515986382682e-03
2.100349440073942184e-03
2.242385851687474837e-03
2.468680286791525864e-03
1.756151671620282296e-04
3.204745813757782242e-03
1.364543055933661745e-03
-2.242547461186973818e-04
3.345842891220518413e-04
1.021668950635048426e-03
2.136321052666649307e-03
3.361997018839290403e-04
6.610338558747073674e-04
-1.878288388522175245e-03
-3.623505551265978459e-05
2.814870383389694690e-03
1.274091068181823667e-03
-1.516642266632010970e-04
5.186471621015566885e-04
1.515838222976017028e-03
-2.068762001640983117e-04
-7.589432755765753271e-04
-3.052336582873168246e-03
-2.124091938254048283e-04
-1.873818160141986228e-03
-2.327211854196297201e-05
-1.827124632095328835e-03
5.066170142463115138e-03
3.105110451203070901e-04
-2.000864501372163172e-03
-1.586570020696500974e-03
-6.258849545063195510e-05
1.758177015377566065e-03
1.182184096721482355e-03
1.170104693591102456e-03
-1.083668801545344075e-03
-1.295854373760949203e-03
2.179037434656748949e-03
-5.645748444623562706e-03
7.726741366689053548e-04
-3.000418393382736464e-03
-1.274046460473723637e-03
1.103528234625911729e-02
2.299278809459544617e-03
-2.372354122926306416e-03
-1.485581653492762865e-03
5.776241190757331473e-03
-8.441182688566363198e-04
1.211832855308257170e-04
1.953829200959329281e-03
2.521545738179715741e-03
2.284786603899888018e-03
2.874154190490243229e-03
-3.292725656858386404e-04
-4.297876720387750274e-03
-1.434623799495518721e-03
2.487726375572426457e-03
2.711918957660241266e-03
-1.509399443799025985e-03
1.452105958528382076e-02
2.810169152329312307e-03
-1.204228330747254133e-03
-2.814315604495549062e-03
-1.538358785634362123e-03
-5.297713512631008074e-04
2.696377596673953971e-03
-3.138779815869505163e-03
-1.787744111502645623e-03
3.686768371929558755e-04
6.556181789432284635e-04
-2.628394674644835265e-03
1.405077026580524692e-03
