9.807018761839089022e-04
-1.389113843047524890e-04
3.666111229701802393e-04
3.143030134042365856e-05
-5.532090346013005932e-04
5.227027481045406609e-04
-7.617654188524035754e-04
-3.731042316148971971e-03
3.867127187166975321e-04
3.127990795533400203e-03
-2.348702009337742206e-03
-2.053888027274435989e-03
-5.214155055266307855e-03
1.731816800281078990e-03
-1.126284307329829086e-03
1.514845866932101155e-04
-1.271082144580072725e-03
2.633551462456559192e-03
6.842721975316457548e-04
3.405708271539361655e-04
9.620874037763529896e-04
-4.340802280177889945e-04
-3.871180453070695543e-04
6.771652274010509778e-04
-6.332720182530531504e-03
1.513958179214647823e-03
1.123387966139610152e-04
1.105463533047438109e-03
1.788972605558704744e-03
-1.606171817477708289e-04
3.788178434259661335e-03
6.008897244966963404e-03
-3.388135202767305352e-04
-1.264182274391720696e-03
1.255332324696894217e-03
2.927061864765160420e-03
-2.210684396378823080e-03
4.116876349834827772e-04
-6.860955755091865949e-04
-6.705385213120938987e-04
1.182255762374479630e-03
2.453512658430329605e-04
-1.527116163466540237e-03
1.038010177959124234e-03
-1.513619332044448696e-03
2.377787096708789110e-03
6.582374514484248601e-04
2.401885616454406489e-03
4.211615353935948842e-04
-1.209882477635316296e-03
4.734411029715216725e-04
-9.017868198785346538e-04
-2.301709983812811906e-03
2.095519232307245603e-03
2.023411806927155436e-03
9.829469310633572217e-04
1.335122291183045559e-03
2.547207491038876778e-03
-2.138387677389042268e-03
1.807991430967001781e-03
-4.309429018629345066e-04
6.388766220743416317e-03
-1.110145605458562291e-03
-3.028099867416274033e-03
3.923280485129630713e-04
-1.831233636407358272e-03
1.323518914205869734e-03
1.494016776915327999e-03
2.504859295016084383e-03
2.190755211002302124e-04
1.940566632344703415e-03
1.065392844567461614e-03
-3.818695220681503469e-05
9.249323726827228444e-04
2.276915730709104134e-04
1.512843058812897304e-03
-3.041441965605272478e-04
9.280113990978905479e-04
-1.370791588433381992e-03
-6.716544777248098421e-04
3.110136934207343752e-03
9.765658436825344103e-04
-1.733196820338500470e-03
3.511900690059652929e-05
7.264950285638840759e-04
1.167959026287327447e-03
-2.401852221028180352e-04
-2.982931181759689195e-03
5.986254281233653000e-04
-7.930172755423735590e-04
-8.547666736623957999e-04
-2.312786982089854370e-04
4.015995437297015941e-03
9.262637618439949856e-04
-2.093970451498664530e-03
-1.421626253961818642e-03
-1.729174332350860797e-03
1.857972815724865312e-03
4.686924753254380718e-04
7.117020772244837899e-04
3.195785754354904854e-04
-1.898004514067089688e-03
1.318166641035042278e-03
-8.737758175441558833e-03
2.546629993738931761e-03
-7.439243427605671255e-03
-1.382084098909916285e-03
1.127465630777038826e-02
2.764696882129803746e-03
-4.094866059348107983e-03
-1.165816247675611214e-03
7.299375195158823437e-03
3.573359817445776344e-03
-1.964841370287173476e-03
3.256923940589474039e-03
1.099491769215070296e-03
1.954784274070366871e-03
2.756242428466462724e-03
1.200473848231417475e-04
-4.681151396162251156e-03
-1.715136190721762302e-03
4.028768224891082707e-04
2.683518682750454451e-03
-1.324011441713704613e-03
1.902268205117093485e-04
1.335938748525653842e-03
-1.583747155977586465e-03
-2.723878578638665518e-03
-8.803116209491750489e-04
-1.073569606176387210e-03
2.245681944187447650e-03
-5.574427718219596498e-04
4.293517328666481350e-04
5.141518255694017044e-04
-2.692642916645509254e-04
-3.137421922923083924e-03
9.674111362661678894e-04
