4.056424503239895816e-04
8.229486653311599530e-04
-9.484277865939116578e-03
-1.461914674007551949e-03
7.879116554488515244e-04
2.872874756494537239e-03
3.622826229848335458e-04
-2.550292287636371762e-03
5.281267262899912206e-04
-1.458612199047211845e-03
-1.748563123621123391e-03
-1.084756096758520338e-03
4.977597007463362665e-03
1.747252517117624249e-03
-1.256015717131067069e-03
4.423131539865910480e-05
-1.729603102832902263e-03
2.760120881207332819e-03
1.953656143778934300e-03
-9.458217191531946870e-04
2.337088960105600677e-03
-6.321733830548678613e-04
1.383974589238825539e-03
-1.156747586711614258e-03
-1.378333592890513193e-03
1.614071185679824127e-04
3.013520968067128197e-03
3.116206527560905822e-03
2.375108356683443538e-03
3.695657417784249557e-04
2.410958836888561427e-03
5.149926713794061167e-03
2.858762066762041577e-04
-6.908176233644204491e-04
9.235880604008148099e-04
4.554480679459080653e-03
-2.647752676969746064e-03
1.527595419241449363e-03
-6.716659650522756146e-04
7.462485987453876084e-04
-8.329203194871777219e-04
9.189597890040504438e-05
-4.068275786564699219e-04
1.261208544680824956e-03
-8.677774177217282160e-04
7.700251127185319105e-04
7.824322207247690617e-05
-1.769553326073261806e-03
1.498899733087831693e-03
-5.778707164829545309e-04
1.998469004926546697e-03
-9.836797316561533052e-04
-3.360748620338587997e-03
1.480539513153978628e-03
1.605829804495077784e-03
3.581579876332964952e-04
1.238943215869224568e-03
2.765634314667312927e-03
-2.318996533001106610e-03
1.284239376401771033e-03
-7.490048136835093242e-05
7.115180554836691811e-03
-1.055819437803000175e-03
-3.539944108810117330e-03
1.448212953101764766e-03
-1.859540089252248408e-03
1.562140367547633878e-03
1.387542243990300692e-03
1.961650594226545252e-03
7.665402369425734341e-04
1.983101737292020540e-03
1.896314491052740860e-03
-1.681680231954917580e-04
2.643381521018225945e-04
7.023037439031821517e-04
1.060467737347917366e-03
7.544008076657177130e-05
2.166485774704777166e-04
-1.208125260311554428e-03
-6.831794898613773861e-04
3.239874222944922732e-03
8.585109909908913896e-04
-1.020200935932756396e-03
1.083219956640986545e-03
5.165839901233750366e-04
1.871353125640153362e-04
-9.112438283119783091e-05
-2.501466284018055101e-03
-1.624154567405307467e-03
-1.717308752876209581e-03
-4.727361157260200975e-04
-1.030647433355450686e-03
3.480107830783462069e-03
1.435645100933918275e-03
-4.097049718253283198e-04
-2.195343197233268120e-03
-2.282729367766910510e-03
7.143870376657961846e-04
2.070770844520699022e-03
1.050745881328193432e-03
-1.315227771519076900e-03
-2.864534899378793189e-04
7.154504290294032200e-04
-7.288549895689172206e-03
1.186669353606675196e-03
-2.012442145220038822e-03
-3.191050520425651321e-03
1.210210556480998539e-02
2.723931872049422873e-03
-3.782021104785712653e-03
-8.250855302858111718e-04
7.293730875166846983e-03
-6.475042653772225022e-04
-4.987844140596525049e-04
1.650443401467703401e-03
8.275810591792941455e-04
3.446592505960003119e-03
3.163554788856329063e-03
-1.181816844950088008e-03
-5.301798512551756173e-03
-3.129273268946724824e-03
1.875180117057507730e-03
1.034079033144864488e-03
-1.910460883101360377e-03
2.686851637216785930e-03
2.887926605702064754e-03
-3.544019971979595800e-04
-3.047853786301731299e-03
-1.273694696847094045e-03
-8.020955728020182302e-04
2.974976722326832298e-03
-4.451509820059720412e-04
-1.486999058241242257e-04
2.596765206676126202e-04
-1.425468732449952083e-03
-3.640185617965359215e-03
1.134470697071808965e-03
