6.985722248301625770e-04
1.474477787995422465e-03
-1.687387954116026031e-03
9.909930972996242125e-04
-2.413903269587855375e-05
-6.348621988146509751e-04
1.444657917388100614e-03
-3.330915541785316961e-03
8.550538998474810750e-04
-1.561098152647739847e-03
-3.269893674351809047e-03
-6.467869382937260249e-04
4.490262466777634846e-03
6.771168836189967247e-04
6.487489033364510953e-04
9.254622310161736897e-04
-4.158952666937090563e-04
-6.976002140588828855e-05
1.665047330270019894e-03
-4.313202247863798960e-06
2.598608665181639018e-03
-8.388428589628280736e-04
2.237501630634774683e-03
-6.082355029046768256e-04
-9.424411356087595767e-03
9.831867612540589642e-04
3.248698982084901200e-03
3.952332204495175375e-03
1.286931794635871699e-03
-4.744958888569980582e-04
2.972953702368998866e-03
7.674279721493915823e-03
-2.938897324810356773e-03
-1.358337155018537979e-03
5.032860563782023781e-04
-3.529967578123617512e-04
-2.639008276509576065e-03
1.513093977264932900e-03
-1.869568068395784533e-03
