-2.013165972300884311e-04
-3.150495875325480294e-04
-1.228686876781812402e-03
1.452933387693611375e-03
2.427553202677418948e-04
6.330946205259387451e-04
-6.306051264425089806e-05
-3.788452925154013606e-03
2.136591949649316725e-04
-1.572808246702085818e-03
-3.704806290599244045e-03
-3.627834333647494535e-04
5.360619157064386298e-03
7.636471566936617371e-04
2.583716842697901593e-04
6.005407992628162975e-04
-3.936477699038213132e-04
1.064891468014719745e-03
1.988622722620736905e-03
4.254879658798407902e-04
3.284179474864433717e-03
-2.010282589130170437e-04
2.117017330382435936e-03
-1.155250043556247394e-03
-1.860703779241560394e-03
1.160183166185002135e-03
2.381352770522641125e-03
3.181017643695770690e-03
7.730152723908824712e-04
-2.065126659488123752e-04
2.447877347470371265e-03
6.807805330375825761e-03
-2.160014715125069436e-03
-1.122391799951353783e-03
9.624550249009628834e-04
-3.561115452012868872e-04
-2.617729919273336335e-03
7.011651265974885817e-04
-5.662652483639624666e-04
